3.obj 3.058823529411764941e-01 4.745098039215686070e-01 6.549019607843137303e-01 -5.635390281677246094e-01 1.102570537477731705e-02 1.349533814936876297e-02 -1.570736169815063477e+00 -1.167587876319885254e+00 -1.570738315582275391e+00
1.obj 6.117647058823529882e-01 4.588235294117646856e-01 3.725490196078431460e-01 -4.500761628150939941e-01 3.310516476631164551e-02 2.597845718264579773e-02 1.570157170295715332e+00 8.240536451339721680e-01 4.068987618666142225e-04
1.obj 9.490196078431372140e-01 5.568627450980392357e-01 1.686274509803921684e-01 -6.240064501762390137e-01 -9.381707757711410522e-02 2.599610388278961182e-02 -1.570716619491577148e+00 -1.024398133158683777e-01 1.570739626884460449e+00
1.obj 3.490196078431372362e-01 6.313725490196078205e-01 3.098039215686274606e-01 -5.151091217994689941e-01 -9.591604024171829224e-02 2.599811181426048279e-02 1.570820569992065430e+00 9.358335137367248535e-01 3.141405582427978516e+00
3.obj 9.294117647058823817e-01 7.882352941176470340e-01 2.823529411764705843e-01 -4.171275198459625244e-01 8.150231838226318359e-02 1.349992863833904266e-02 1.570776939392089844e+00 8.846682310104370117e-01 1.570865154266357422e+00
4.obj 7.294117647058823151e-01 6.901960784313725394e-01 6.745098039215686736e-01 -4.064506888389587402e-01 8.006426692008972168e-02 5.290920659899711609e-02 3.140706539154052734e+00 3.809807822108268738e-05 2.962065219879150391e+00
4.obj 1.000000000000000000e+00 3.411764705882353033e-01 3.490196078431372362e-01 -4.690159261226654053e-01 -2.756024524569511414e-02 2.597698941826820374e-02 3.141284465789794922e+00 -6.595175364054739475e-06 2.557386159896850586e+00
4.obj 6.901960784313725394e-01 4.784313725490196290e-01 6.313725490196078205e-01 -5.869316458702087402e-01 1.317787021398544312e-01 2.598721161484718323e-02 -3.141401290893554688e+00 4.475450259633362293e-04 2.690568208694458008e+00
4.obj 4.627450980392157076e-01 7.176470588235294157e-01 6.980392156862744724e-01 -5.967894792556762695e-01 1.021042000502347946e-02 5.299699306488037109e-02 -1.569237589836120605e+00 -4.692379534244537354e-01 1.572023868560791016e+00
7.obj 1.000000000000000000e+00 6.156862745098039547e-01 6.549019607843137303e-01 -4.787172675132751465e-01 1.718022301793098450e-02 2.596449479460716248e-02 -1.675835374044254422e-04 4.026848764624446630e-04 -1.738656520843505859e+00
0.obj 2.274509803921568596e-01 3.921568627450980338e-01 5.490196078431373028e-01 -4.468361437320709229e-01 -1.509688794612884521e-01 1.915624924004077911e-02 -6.913492083549499512e-01 -4.081422090530395508e-01 2.016581058502197266e+00
1.obj 5.490196078431373028e-01 4.196078431372549100e-01 2.745098039215686514e-01 -5.165567398071289062e-01 -1.363063007593154907e-01 5.231540277600288391e-02 2.629210233688354492e+00 -6.469485163688659668e-01 2.389315128326416016e+00
1.obj 8.627450980392157298e-01 4.784313725490196290e-01 9.019607843137254777e-02 -5.568780303001403809e-01 4.684444516897201538e-02 4.162231460213661194e-02 1.160361289978027344e+00 4.394971728324890137e-01 1.753832697868347168e+00
3.obj 8.117647058823529438e-01 6.274509803921568540e-01 2.039215686274509776e-01 -4.594145715236663818e-01 5.046078562736511230e-02 6.543385237455368042e-02 1.570242524147033691e+00 6.470986604690551758e-01 -1.570608973503112793e+00
3.obj 7.843137254901960675e-02 1.000000000000000000e+00 5.686274509803921351e-01 -5.370411276817321777e-01 -2.740175463259220123e-02 5.419604107737541199e-02 -9.982647895812988281e-01 9.528377056121826172e-01 -2.589693367481231689e-01
2.obj 5.098039215686274161e-01 7.058823529411764608e-02 6.666666666666666574e-02 -4.488715529441833496e-01 -7.754088938236236572e-02 2.599867247045040131e-02 -3.878118877764791250e-04 -4.780778835993260145e-04 2.095373153686523438e+00
1.obj 1.647058823529411742e-01 1.607843137254902077e-01 1.000000000000000000e+00 -5.365114212036132812e-01 -3.511992096900939941e-02 9.286071360111236572e-02 1.966862440109252930e+00 3.785392045974731445e-01 1.385699748992919922e+00
2.obj 9.607843137254902244e-01 8.705882352941176627e-01 7.019607843137254388e-01 -3.742106556892395020e-01 -4.163407534360885620e-02 1.349988114088773727e-02 -1.570795774459838867e+00 5.435992479324340820e-01 1.570797920227050781e+00
2.obj 1.607843137254902077e-01 5.176470588235294601e-01 5.176470588235294601e-01 -4.026999473571777344e-01 -8.831335604190826416e-02 2.599306404590606689e-02 -1.571051478385925293e+00 1.073145151138305664e+00 3.016673435922712088e-04
4.obj 7.568627450980391913e-01 1.960784313725490169e-01 1.000000000000000000e+00 -2.824285328388214111e-01 -9.667251259088516235e-02 2.600001916289329529e-02 -9.747055592015385628e-04 1.918642374221235514e-04 -1.021733760833740234e+00
