7.obj 3.058823529411764941e-01 4.745098039215686070e-01 6.549019607843137303e-01 -5.183258652687072754e-01 -1.065825391560792923e-02 1.566782966256141663e-02 1.564742445945739746e+00 -1.539994716644287109e+00 -9.668691158294677734e-01
4.obj 3.490196078431372362e-01 6.313725490196078205e-01 3.098039215686274606e-01 -4.586001038551330566e-01 6.080284714698791504e-02 2.599306777119636536e-02 3.140924453735351562e+00 4.359862650744616985e-04 3.560052216053009033e-01
2.obj 6.117647058823529882e-01 4.588235294117646856e-01 3.725490196078431460e-01 -5.283142328262329102e-01 1.341893672943115234e-01 1.338607538491487503e-02 1.488621234893798828e+00 -1.464894533157348633e+00 1.494070291519165039e+00
6.obj 9.490196078431372140e-01 5.568627450980392357e-01 1.686274509803921684e-01 -4.667835831642150879e-01 -1.430202573537826538e-01 2.599955163896083832e-02 1.570990204811096191e+00 -1.246717095375061035e+00 -1.570405840873718262e+00
8.obj 9.294117647058823817e-01 7.882352941176470340e-01 2.823529411764705843e-01 -5.329720377922058105e-01 -1.016793623566627502e-01 2.337730117142200470e-02 2.975513219833374023e+00 7.056097686290740967e-02 -3.844445049762725830e-01
7.obj 7.294117647058823151e-01 6.901960784313725394e-01 6.745098039215686736e-01 -5.200740098953247070e-01 8.486940711736679077e-02 2.460479363799095154e-02 -9.707976579666137695e-01 1.209330186247825623e-01 1.680075883865356445e+00
2.obj 1.000000000000000000e+00 3.411764705882353033e-01 3.490196078431372362e-01 -4.186307787895202637e-01 -6.310717761516571045e-02 1.347493845969438553e-02 1.569794416427612305e+00 -1.274046182632446289e+00 -1.571787357330322266e+00
4.obj 6.901960784313725394e-01 4.784313725490196290e-01 6.313725490196078205e-01 -4.652203619480133057e-01 -8.760817348957061768e-02 3.488712757825851440e-02 -2.804444789886474609e+00 7.872042655944824219e-01 -2.034472942352294922e+00
4.obj 4.627450980392157076e-01 7.176470588235294157e-01 6.980392156862744724e-01 -6.052748560905456543e-01 -1.388351339846849442e-02 2.596513926982879639e-02 1.574912786483764648e+00 -7.472174167633056641e-01 1.575127005577087402e+00
4.obj 1.000000000000000000e+00 6.156862745098039547e-01 6.549019607843137303e-01 -5.149421691894531250e-01 3.447102010250091553e-02 3.523208945989608765e-02 -1.503626108169555664e+00 1.403083086013793945e+00 2.322357892990112305e+00
8.obj 2.274509803921568596e-01 3.921568627450980338e-01 5.490196078431373028e-01 -2.219987362623214722e-01 1.028758659958839417e-01 2.338010631501674652e-02 2.773666143417358398e+00 -4.469316005706787109e-01 8.488761782646179199e-01
6.obj 5.490196078431373028e-01 4.196078431372549100e-01 2.745098039215686514e-01 -4.610707163810729980e-01 1.515673696994781494e-01 3.945257142186164856e-02 1.779926061630249023e+00 8.918898701667785645e-01 9.674049019813537598e-01
4.obj 8.627450980392157298e-01 4.784313725490196290e-01 9.019607843137254777e-02 -5.665569901466369629e-01 -5.416316911578178406e-02 3.400889784097671509e-02 3.188509941101074219e-01 -3.977719843387603760e-01 -2.436037778854370117e+00
4.obj 8.117647058823529438e-01 6.274509803921568540e-01 2.039215686274509776e-01 -5.102292299270629883e-01 -4.792002588510513306e-02 5.378169938921928406e-02 2.319975852966308594e+00 -7.600392103195190430e-01 -1.597359657287597656e+00
0.obj 7.843137254901960675e-02 1.000000000000000000e+00 5.686274509803921351e-01 -5.313912034034729004e-01 1.972328275442123413e-01 2.599984966218471527e-02 1.571219086647033691e+00 1.337462186813354492e+00 3.139883995056152344e+00
2.obj 5.098039215686274161e-01 7.058823529411764608e-02 6.666666666666666574e-02 -5.238910317420959473e-01 1.332505494356155396e-01 5.294483900070190430e-02 -5.642192903906106949e-03 7.462133653461933136e-03 1.224705219268798828e+00
3.obj 1.647058823529411742e-01 1.607843137254902077e-01 1.000000000000000000e+00 -5.161014795303344727e-01 6.859277188777923584e-02 6.682452559471130371e-02 2.420168638229370117e+00 -1.232146739959716797e+00 -3.130983591079711914e+00
0.obj 9.607843137254902244e-01 8.705882352941176627e-01 7.019607843137254388e-01 -3.207883536815643311e-01 2.501999959349632263e-02 2.599991858005523682e-02 -1.570673108100891113e+00 -6.677731871604919434e-01 3.140374183654785156e+00
8.obj 1.607843137254902077e-01 5.176470588235294601e-01 5.176470588235294601e-01 -4.437546730041503906e-01 -1.014077290892601013e-02 3.304043039679527283e-02 -2.135862350463867188e+00 4.297953546047210693e-01 1.530523061752319336e+00
6.obj 7.568627450980391913e-01 1.960784313725490169e-01 1.000000000000000000e+00 -4.934272766113281250e-01 1.192627660930156708e-02 8.261650055646896362e-02 -1.773084044456481934e+00 1.432112216949462891e+00 9.979408383369445801e-01
