1.obj 3.058823529411764941e-01 4.745098039215686070e-01 6.549019607843137303e-01 -4.797839224338531494e-01 5.514331907033920288e-02 2.599496208131313324e-02 -1.570770621299743652e+00 4.591064155101776123e-01 -4.798398294951766729e-04
3.obj 3.490196078431372362e-01 6.313725490196078205e-01 3.098039215686274606e-01 -5.480762124061584473e-01 -8.356301486492156982e-02 1.349986065179109573e-02 -1.570755600929260254e+00 1.943544745445251465e-01 -1.570745229721069336e+00
8.obj 6.117647058823529882e-01 4.588235294117646856e-01 3.725490196078431460e-01 -3.720571398735046387e-01 -9.753014147281646729e-02 2.329410240054130554e-02 5.172343254089355469e-01 1.145571827888488770e+00 -2.129897117614746094e+00
8.obj 9.490196078431372140e-01 5.568627450980392357e-01 1.686274509803921684e-01 -3.585049211978912354e-01 -3.817737847566604614e-02 2.330607175827026367e-02 1.152474641799926758e+00 5.129444599151611328e-01 -2.926909208297729492e+00
8.obj 9.294117647058823817e-01 7.882352941176470340e-01 2.823529411764705843e-01 -7.091255187988281250e-01 -4.663673788309097290e-02 2.335852943360805511e-02 3.076548814773559570e+00 -2.182022631168365479e-01 -1.854375720024108887e+00
2.obj 7.294117647058823151e-01 6.901960784313725394e-01 6.745098039215686736e-01 -5.314386487007141113e-01 7.701984792947769165e-02 1.349977124482393265e-02 -1.568618655204772949e+00 1.318499565124511719e+00 1.568381190299987793e+00
6.obj 1.000000000000000000e+00 3.411764705882353033e-01 3.490196078431372362e-01 -6.273166537284851074e-01 6.816880404949188232e-02 2.599989436566829681e-02 -1.570738911628723145e+00 1.583252251148223877e-01 -3.141577005386352539e+00
1.obj 6.901960784313725394e-01 4.784313725490196290e-01 6.313725490196078205e-01 -4.931284487247467041e-01 -1.223328262567520142e-01 4.124663397669792175e-02 -8.320084214210510254e-01 -1.079920411109924316e+00 -2.406250715255737305e+00
3.obj 4.627450980392157076e-01 7.176470588235294157e-01 6.980392156862744724e-01 -4.145403802394866943e-01 -5.499736592173576355e-02 2.599889412522315979e-02 -1.570562720298767090e+00 3.596245944499969482e-01 1.177473925054073334e-03
2.obj 1.000000000000000000e+00 6.156862745098039547e-01 6.549019607843137303e-01 -4.745315909385681152e-01 7.808937132358551025e-02 6.546913087368011475e-02 -1.572273015975952148e+00 -9.294692277908325195e-01 -1.572077512741088867e+00
6.obj 2.274509803921568596e-01 3.921568627450980338e-01 5.490196078431373028e-01 -4.930895268917083740e-01 -6.658881902694702148e-02 4.368057847023010254e-02 -7.539303302764892578e-01 -1.028259515762329102e+00 -2.331258773803710938e+00
8.obj 5.490196078431373028e-01 4.196078431372549100e-01 2.745098039215686514e-01 -5.723240375518798828e-01 9.000317007303237915e-02 4.896335676312446594e-02 1.729048132896423340e+00 -1.279764175415039062e-01 -1.158290266990661621e+00
4.obj 8.627450980392157298e-01 4.784313725490196290e-01 9.019607843137254777e-02 -6.729586124420166016e-01 -1.144956573843955994e-01 2.599636837840080261e-02 -1.570098519325256348e+00 -5.481875315308570862e-02 3.140586376190185547e+00
4.obj 8.117647058823529438e-01 6.274509803921568540e-01 2.039215686274509776e-01 -3.727252483367919922e-01 5.628796294331550598e-02 2.599923871457576752e-02 -1.005415615509264171e-04 1.950161386048421264e-04 -2.047298908233642578e+00
1.obj 6.509803921568627638e-01 6.117647058823529882e-01 6.274509803921568540e-01 -4.275017380714416504e-01 2.064096368849277496e-02 5.434020608663558960e-02 2.506028175354003906e+00 -2.580241858959197998e-01 3.332984745502471924e-01
2.obj 6.509803921568627638e-01 6.117647058823529882e-01 6.274509803921568540e-01 -5.055295825004577637e-01 -1.256496924906969070e-02 2.599490247666835785e-02 -2.540963178034871817e-04 -2.220575406681746244e-04 -1.990915417671203613e+00
7.obj 6.509803921568627638e-01 6.117647058823529882e-01 6.274509803921568540e-01 -6.328305602073669434e-01 -7.557352073490619659e-03 1.332973130047321320e-02 -1.568377017974853516e+00 -1.419811606407165527e+00 1.487704873085021973e+00
7.obj 6.509803921568627638e-01 6.117647058823529882e-01 6.274509803921568540e-01 -4.519498944282531738e-01 -3.549920767545700073e-02 5.752109363675117493e-02 1.813622832298278809e+00 1.038210391998291016e+00 -2.283519029617309570e+00
6.obj 6.509803921568627638e-01 6.117647058823529882e-01 6.274509803921568540e-01 -5.121733546257019043e-01 -5.752644967287778854e-03 9.701288491487503052e-02 -2.807393074035644531e+00 -1.150366067886352539e+00 -1.727634191513061523e+00
7.obj 6.509803921568627638e-01 6.117647058823529882e-01 6.274509803921568540e-01 -4.946506619453430176e-01 3.138532862067222595e-02 7.660530507564544678e-02 2.352273464202880859e+00 -5.906379818916320801e-01 -1.078117370605468750e+00
