3.obj 3.058823529411764941e-01 4.745098039215686070e-01 6.549019607843137303e-01 -3.804683387279510498e-01 -2.642304822802543640e-02 1.345421839505434036e-02 1.570152640342712402e+00 1.213397741317749023e+00 -1.569882392883300781e+00
0.obj 3.490196078431372362e-01 6.313725490196078205e-01 3.098039215686274606e-01 -5.735148787498474121e-01 -2.090012282133102417e-02 2.525851130485534668e-02 1.590653419494628906e+00 -1.478772997856140137e+00 1.592781424522399902e+00
1.obj 6.117647058823529882e-01 4.588235294117646856e-01 3.725490196078431460e-01 -4.393765330314636230e-01 1.186426505446434021e-01 2.598360739648342133e-02 1.570798158645629883e+00 1.170902967453002930e+00 -1.571166515350341797e+00
8.obj 9.490196078431372140e-01 5.568627450980392357e-01 1.686274509803921684e-01 -6.965541839599609375e-01 7.573099434375762939e-02 2.330669015645980835e-02 1.353585720062255859e-01 -7.568479180335998535e-01 -1.374087095260620117e+00
6.obj 9.294117647058823817e-01 7.882352941176470340e-01 2.823529411764705843e-01 -6.046509146690368652e-01 -1.024265289306640625e-01 2.599952742457389832e-02 1.570713639259338379e+00 7.483636736869812012e-01 1.298965507885441184e-04
6.obj 7.294117647058823151e-01 6.901960784313725394e-01 6.745098039215686736e-01 -4.838653504848480225e-01 8.102069050073623657e-02 2.599722519516944885e-02 1.570879578590393066e+00 1.170923233032226562e+00 3.141543388366699219e+00
0.obj 1.000000000000000000e+00 3.411764705882353033e-01 3.490196078431372362e-01 -4.873505234718322754e-01 -6.439117342233657837e-02 2.599852345883846283e-02 -1.570642948150634766e+00 -1.134285569190979004e+00 -1.329677645117044449e-03
1.obj 6.901960784313725394e-01 4.784313725490196290e-01 6.313725490196078205e-01 -4.085341393947601318e-01 -4.788180068135261536e-02 4.162311926484107971e-02 -1.196209430694580078e+00 1.848508417606353760e-01 -1.643163204193115234e+00
6.obj 4.627450980392157076e-01 7.176470588235294157e-01 6.980392156862744724e-01 -5.195070505142211914e-01 -1.176972240209579468e-01 5.107815936207771301e-02 2.427094459533691406e+00 5.479530692100524902e-01 2.601678133010864258e+00
8.obj 1.000000000000000000e+00 6.156862745098039547e-01 6.549019607843137303e-01 -4.603015482425689697e-01 -1.753365993499755859e-02 2.332109399139881134e-02 1.385949850082397461e+00 -2.096387296915054321e-01 -3.888632729649543762e-02
8.obj 2.274509803921568596e-01 3.921568627450980338e-01 5.490196078431373028e-01 -5.710977315902709961e-01 4.490641131997108459e-02 2.337782457470893860e-02 -2.426117420196533203e+00 2.609020173549652100e-01 2.916309237480163574e-01
0.obj 5.490196078431373028e-01 4.196078431372549100e-01 2.745098039215686514e-01 -6.239367127418518066e-01 7.951530069112777710e-02 1.915624924004077911e-02 7.264688014984130859e-01 -3.303433358669281006e-01 -1.922202587127685547e+00
3.obj 8.627450980392157298e-01 4.784313725490196290e-01 9.019607843137254777e-02 -4.653809666633605957e-01 -9.219807386398315430e-02 6.570027023553848267e-02 1.587663173675537109e+00 7.650424838066101074e-01 -1.551886320114135742e+00
4.obj 8.117647058823529438e-01 6.274509803921568540e-01 2.039215686274509776e-01 -5.171734094619750977e-01 3.798264265060424805e-02 2.599977515637874603e-02 -1.570791006088256836e+00 3.698445856571197510e-01 -2.955033596663270146e-05
0.obj 6.509803921568627638e-01 6.117647058823529882e-01 6.274509803921568540e-01 -4.241821765899658203e-01 -6.891387701034545898e-02 9.710552543401718140e-02 1.823377490043640137e+00 1.010296225547790527e+00 2.451618432998657227e+00
6.obj 6.509803921568627638e-01 6.117647058823529882e-01 6.274509803921568540e-01 -5.950372219085693359e-01 -4.215800017118453979e-02 7.745713740587234497e-02 1.555093050003051758e+00 -5.284357443451881409e-02 1.555960893630981445e+00
7.obj 6.509803921568627638e-01 6.117647058823529882e-01 6.274509803921568540e-01 -3.901553750038146973e-01 5.285084247589111328e-02 1.324805151671171188e-02 1.575263142585754395e+00 -8.715430498123168945e-01 1.576704859733581543e+00
3.obj 6.509803921568627638e-01 6.117647058823529882e-01 6.274509803921568540e-01 -5.056331753730773926e-01 -1.370655279606580734e-02 7.907310128211975098e-02 1.157446980476379395e+00 -4.105581045150756836e-01 7.601234316825866699e-01
8.obj 6.509803921568627638e-01 6.117647058823529882e-01 6.274509803921568540e-01 -4.844800531864166260e-01 6.398279964923858643e-02 7.798622548580169678e-02 -1.570113301277160645e+00 -1.048512570559978485e-02 -1.571076512336730957e+00
4.obj 6.509803921568627638e-01 6.117647058823529882e-01 6.274509803921568540e-01 -5.273770093917846680e-01 -2.832697331905364990e-02 4.387255758047103882e-02 -2.563748836517333984e+00 6.782466173171997070e-01 2.706682682037353516e+00
