0.obj 3.058823529411764941e-01 4.745098039215686070e-01 6.549019607843137303e-01 -6.407989263534545898e-01 5.307511426508426666e-03 1.915547624230384827e-02 1.760514974594116211e-01 7.695388197898864746e-01 -2.516958415508270264e-01
2.obj 6.117647058823529882e-01 4.588235294117646856e-01 3.725490196078431460e-01 -4.672464728355407715e-01 1.003408804535865784e-01 1.349477935582399368e-02 -1.570890069007873535e+00 -1.322928428649902344e+00 1.570781946182250977e+00
0.obj 3.490196078431372362e-01 6.313725490196078205e-01 3.098039215686274606e-01 -3.986889719963073730e-01 8.200836181640625000e-02 1.915659941732883453e-02 2.605996370315551758e+00 6.054413914680480957e-01 -2.336465358734130859e+00
2.obj 9.490196078431372140e-01 5.568627450980392357e-01 1.686274509803921684e-01 -4.088323712348937988e-01 -1.307942159473896027e-02 1.349816657602787018e-02 -1.570840597152709961e+00 -8.940126299858093262e-01 -1.570846676826477051e+00
1.obj 9.294117647058823817e-01 7.882352941176470340e-01 2.823529411764705843e-01 -4.545161724090576172e-01 2.032809332013130188e-02 3.385754302144050598e-02 1.570754408836364746e+00 -6.313532590866088867e-01 -2.649873256683349609e+00
8.obj 7.294117647058823151e-01 6.901960784313725394e-01 6.745098039215686736e-01 -5.732198357582092285e-01 -4.923704639077186584e-02 2.599903941154479980e-02 1.570846199989318848e+00 -7.795521616935729980e-01 1.571006774902343750e+00
3.obj 1.000000000000000000e+00 3.411764705882353033e-01 3.490196078431372362e-01 -5.305450558662414551e-01 1.629739403724670410e-01 1.350015215575695038e-02 -1.570829987525939941e+00 1.306173086166381836e+00 1.570863246917724609e+00
4.obj 6.901960784313725394e-01 4.784313725490196290e-01 6.313725490196078205e-01 -3.947046399116516113e-01 -1.918397396802902222e-01 2.584983780980110168e-02 1.569984793663024902e+00 3.857874274253845215e-01 -1.565323114395141602e+00
4.obj 4.627450980392157076e-01 7.176470588235294157e-01 6.980392156862744724e-01 -5.288082361221313477e-01 9.428380429744720459e-02 2.598648145794868469e-02 -3.141043186187744141e+00 -1.802371116355061531e-06 -1.990233659744262695e-01
1.obj 1.000000000000000000e+00 6.156862745098039547e-01 6.549019607843137303e-01 -4.806109964847564697e-01 -9.804470837116241455e-02 2.598589286208152771e-02 1.568721294403076172e+00 -1.287239193916320801e+00 -1.560566364787518978e-03
1.obj 2.274509803921568596e-01 3.921568627450980338e-01 5.490196078431373028e-01 -6.238242387771606445e-01 -7.677181065082550049e-02 2.598924562335014343e-02 -1.570779919624328613e+00 -6.577799320220947266e-01 1.570672750473022461e+00
1.obj 5.490196078431373028e-01 4.196078431372549100e-01 2.745098039215686514e-01 -4.642981588840484619e-01 -6.064935587346553802e-03 6.909547746181488037e-02 4.446206390857696533e-01 -1.144173860549926758e+00 7.449450492858886719e-01
1.obj 8.627450980392157298e-01 4.784313725490196290e-01 9.019607843137254777e-02 -5.547238588333129883e-01 3.695178031921386719e-02 3.279043361544609070e-02 1.571528911590576172e+00 1.210764884948730469e+00 -1.956292033195495605e+00
2.obj 8.117647058823529438e-01 6.274509803921568540e-01 2.039215686274509776e-01 -5.059635639190673828e-01 -9.840106964111328125e-02 7.799272984266281128e-02 1.567372798919677734e+00 -1.021915078163146973e+00 -2.018113853409886360e-03
4.obj 7.843137254901960675e-02 1.000000000000000000e+00 5.686274509803921351e-01 -5.936574339866638184e-01 -2.379041165113449097e-01 2.600005641579627991e-02 -1.570718884468078613e+00 -7.157979011535644531e-01 5.087055615149438381e-05
4.obj 5.098039215686274161e-01 7.058823529411764608e-02 6.666666666666666574e-02 -6.645411849021911621e-01 8.825990557670593262e-02 2.600005641579627991e-02 -1.570515751838684082e+00 -1.360431790351867676e+00 2.744514495134353638e-04
7.obj 1.647058823529411742e-01 1.607843137254902077e-01 1.000000000000000000e+00 -4.973358213901519775e-01 -5.107758566737174988e-02 1.344004273414611816e-02 -1.570763468742370605e+00 -1.230143189430236816e+00 1.426909685134887695e+00
2.obj 9.607843137254902244e-01 8.705882352941176627e-01 7.019607843137254388e-01 -5.542870759963989258e-01 -9.855294972658157349e-02 2.599822357296943665e-02 -3.141125917434692383e+00 2.457267255522310734e-04 -5.862992405891418457e-01
2.obj 1.607843137254902077e-01 5.176470588235294601e-01 5.176470588235294601e-01 -5.245491266250610352e-01 -5.569478869438171387e-02 4.977740719914436340e-02 -1.438416719436645508e+00 -1.286701112985610962e-01 2.138110637664794922e+00
2.obj 7.568627450980391913e-01 1.960784313725490169e-01 1.000000000000000000e+00 -5.917633771896362305e-01 -1.158292777836322784e-02 3.638100624084472656e-02 -2.307730674743652344e+00 5.602158308029174805e-01 -2.315029621124267578e+00
