3.obj 3.490196078431372362e-01 6.313725490196078205e-01 3.098039215686274606e-01 -5.175405740737915039e-01 3.445732174441218376e-03 1.349962688982486725e-02 1.570695996284484863e+00 -1.329003214836120605e+00 1.570741295814514160e+00
0.obj 3.058823529411764941e-01 4.745098039215686070e-01 6.549019607843137303e-01 -5.343569517135620117e-01 -7.331664860248565674e-02 2.525827288627624512e-02 -1.607457637786865234e+00 -1.387952327728271484e+00 -1.594941139221191406e+00
4.obj 6.117647058823529882e-01 4.588235294117646856e-01 3.725490196078431460e-01 -5.266562700271606445e-01 -4.716165829449892044e-03 5.299369245767593384e-02 -1.570734620094299316e+00 -1.057194113731384277e+00 1.577020287513732910e+00
3.obj 9.490196078431372140e-01 5.568627450980392357e-01 1.686274509803921684e-01 -3.828012347221374512e-01 1.949275145307183266e-03 2.599949762225151062e-02 -1.564200639724731445e+00 1.567326426506042480e+00 3.134705066680908203e+00
6.obj 9.294117647058823817e-01 7.882352941176470340e-01 2.823529411764705843e-01 -4.035120010375976562e-01 -1.303458660840988159e-01 2.600044570863246918e-02 -1.570732235908508301e+00 9.423946738243103027e-01 3.141586065292358398e+00
6.obj 7.294117647058823151e-01 6.901960784313725394e-01 6.745098039215686736e-01 -4.728653430938720703e-01 1.374996751546859741e-01 2.599960938096046448e-02 -1.570251464843750000e+00 1.384943485260009766e+00 -1.571306586265563965e+00
6.obj 1.000000000000000000e+00 3.411764705882353033e-01 3.490196078431372362e-01 -4.208132624626159668e-01 -2.070145606994628906e-01 2.599925734102725983e-02 -1.570698976516723633e+00 9.556931853294372559e-01 -3.141577959060668945e+00
8.obj 6.901960784313725394e-01 4.784313725490196290e-01 6.313725490196078205e-01 -3.711088299751281738e-01 4.329679906368255615e-02 2.332076989114284515e-02 1.385328292846679688e+00 2.138390690088272095e-01 3.981393203139305115e-02
1.obj 4.627450980392157076e-01 7.176470588235294157e-01 6.980392156862744724e-01 -4.249927103519439697e-01 -6.659530848264694214e-02 2.598657831549644470e-02 1.570788979530334473e+00 -6.613845229148864746e-01 3.140568017959594727e+00
3.obj 1.000000000000000000e+00 6.156862745098039547e-01 6.549019607843137303e-01 -6.660868525505065918e-01 8.764529973268508911e-02 2.599919401109218597e-02 1.570777893066406250e+00 1.057289600372314453e+00 6.673500365650397725e-07
4.obj 2.274509803921568596e-01 3.921568627450980338e-01 5.490196078431373028e-01 -5.628070831298828125e-01 7.679908722639083862e-02 2.594693377614021301e-02 -1.569074034690856934e+00 -4.764083325862884521e-01 1.577678799629211426e+00
8.obj 5.490196078431373028e-01 4.196078431372549100e-01 2.745098039215686514e-01 -5.077420473098754883e-01 5.686367303133010864e-02 2.599563822150230408e-02 1.570725202560424805e+00 1.118422269821166992e+00 1.570753335952758789e+00
8.obj 8.627450980392157298e-01 4.784313725490196290e-01 9.019607843137254777e-02 -4.408457875251770020e-01 3.667951002717018127e-02 2.336187660694122314e-02 2.959507465362548828e+00 1.219457238912582397e-01 2.564743757247924805e+00
0.obj 8.117647058823529438e-01 6.274509803921568540e-01 2.039215686274509776e-01 -6.185317635536193848e-01 -1.696283072233200073e-01 2.525835856795310974e-02 -1.577607035636901855e+00 2.173487991094589233e-01 -1.557434678077697754e+00
6.obj 7.843137254901960675e-02 1.000000000000000000e+00 5.686274509803921351e-01 -4.900423884391784668e-01 -6.281486153602600098e-02 5.372319743037223816e-02 1.298037409782409668e+00 -4.954465925693511963e-01 -6.986312270164489746e-01
2.obj 5.098039215686274161e-01 7.058823529411764608e-02 6.666666666666666574e-02 -5.292128920555114746e-01 8.325965702533721924e-02 6.525006890296936035e-02 1.551062583923339844e+00 6.314790844917297363e-01 1.574115753173828125e+00
3.obj 1.647058823529411742e-01 1.607843137254902077e-01 1.000000000000000000e+00 -6.176639199256896973e-01 1.895750686526298523e-02 4.111429303884506226e-02 2.369296073913574219e+00 5.303279161453247070e-01 -2.014602184295654297e+00
8.obj 9.607843137254902244e-01 8.705882352941176627e-01 7.019607843137254388e-01 -4.679799675941467285e-01 8.636635541915893555e-02 2.599715627729892731e-02 -1.570581912994384766e+00 -7.032777070999145508e-01 1.571341276168823242e+00
8.obj 1.607843137254902077e-01 5.176470588235294601e-01 5.176470588235294601e-01 -6.467164158821105957e-01 -3.289560228586196899e-02 2.340756356716156006e-02 2.224018812179565430e+00 4.116108715534210205e-01 -2.971539199352264404e-01
3.obj 7.568627450980391913e-01 1.960784313725490169e-01 1.000000000000000000e+00 -4.541475176811218262e-01 4.992749541997909546e-02 6.330804526805877686e-02 1.305643677711486816e+00 -1.355915904045104980e+00 -1.953000187873840332e+00
