8.obj 3.058823529411764941e-01 4.745098039215686070e-01 6.549019607843137303e-01 -4.414963126182556152e-01 2.338253892958164215e-02 2.330493368208408356e-02 -3.113887071609497070e+00 2.285711616277694702e-01 1.458575963973999023e+00
8.obj 6.117647058823529882e-01 4.588235294117646856e-01 3.725490196078431460e-01 -6.748614311218261719e-01 -2.310239821672439575e-01 2.337014302611351013e-02 -1.788452267646789551e+00 5.873258709907531738e-01 1.194743290543556213e-01
3.obj 3.490196078431372362e-01 6.313725490196078205e-01 3.098039215686274606e-01 -3.859949707984924316e-01 -8.788021281361579895e-03 1.350026112049818039e-02 -1.570774555206298828e+00 -1.407392472028732300e-01 -1.570730090141296387e+00
6.obj 9.490196078431372140e-01 5.568627450980392357e-01 1.686274509803921684e-01 -5.766030550003051758e-01 -2.994840219616889954e-02 2.599951997399330139e-02 -1.570677518844604492e+00 1.136564970016479492e+00 3.141445636749267578e+00
2.obj 9.294117647058823817e-01 7.882352941176470340e-01 2.823529411764705843e-01 -5.760640501976013184e-01 9.639082849025726318e-02 2.594108507037162781e-02 -3.141562223434448242e+00 -1.168244489235803485e-05 -1.402920722961425781e+00
7.obj 7.294117647058823151e-01 6.901960784313725394e-01 6.745098039215686736e-01 -6.416982412338256836e-01 6.359934806823730469e-02 1.335219014436006546e-02 -1.573029279708862305e+00 1.700959950685501099e-01 -1.569026589393615723e+00
6.obj 1.000000000000000000e+00 3.411764705882353033e-01 3.490196078431372362e-01 -4.401637017726898193e-01 -1.120059862732887268e-01 2.599912323057651520e-02 -1.570789813995361328e+00 4.209538102149963379e-01 1.570911407470703125e+00
0.obj 6.901960784313725394e-01 4.784313725490196290e-01 6.313725490196078205e-01 -3.942235410213470459e-01 1.156855672597885132e-01 2.599938772618770599e-02 -1.570671200752258301e+00 5.975465774536132812e-01 3.140219926834106445e+00
6.obj 4.627450980392157076e-01 7.176470588235294157e-01 6.980392156862744724e-01 -5.158936381340026855e-01 1.106014847755432129e-01 5.122386291623115540e-02 3.132970809936523438e+00 1.884887460619211197e-03 -2.131015062332153320e-01
4.obj 1.000000000000000000e+00 6.156862745098039547e-01 6.549019607843137303e-01 -4.763956964015960693e-01 -3.959656134247779846e-02 2.596393227577209473e-02 1.573755741119384766e+00 -7.075686752796173096e-02 1.572538495063781738e+00
0.obj 2.274509803921568596e-01 3.921568627450980338e-01 5.490196078431373028e-01 -6.477146148681640625e-01 -3.300898475572466850e-03 2.599787339568138123e-02 1.569646358489990234e+00 -1.484338760375976562e+00 -2.443558536469936371e-03
0.obj 5.490196078431373028e-01 4.196078431372549100e-01 2.745098039215686514e-01 -3.252902925014495850e-01 1.036570966243743896e-02 1.915659941732883453e-02 2.369194030761718750e+00 1.598573327064514160e-01 -1.733935236930847168e+00
4.obj 8.627450980392157298e-01 4.784313725490196290e-01 9.019607843137254777e-02 -5.510424971580505371e-01 -8.084909617900848389e-02 2.599951997399330139e-02 8.280572947114706039e-04 -4.407596134115010500e-04 1.748811364173889160e+00
0.obj 8.117647058823529438e-01 6.274509803921568540e-01 2.039215686274509776e-01 -5.007312297821044922e-01 4.988122731447219849e-02 2.599975466728210449e-02 -1.571020126342773438e+00 1.130601525306701660e+00 -1.085950760170817375e-03
3.obj 7.843137254901960675e-02 1.000000000000000000e+00 5.686274509803921351e-01 -5.066584348678588867e-01 1.752376556396484375e-02 6.549694389104843140e-02 1.580039739608764648e+00 1.481043338775634766e+00 -1.580280542373657227e+00
7.obj 5.098039215686274161e-01 7.058823529411764608e-02 6.666666666666666574e-02 -5.078199505805969238e-01 -1.176377162337303162e-01 1.403283048421144485e-02 1.567741513252258301e+00 -6.710538864135742188e-01 -1.909405350685119629e+00
8.obj 1.647058823529411742e-01 1.607843137254902077e-01 1.000000000000000000e+00 -4.901941418647766113e-01 -8.868157863616943359e-02 5.217291042208671570e-02 -2.384868621826171875e+00 -1.970078647136688232e-01 -2.608226299285888672e+00
8.obj 9.607843137254902244e-01 8.705882352941176627e-01 7.019607843137254388e-01 -4.777819514274597168e-01 -4.238633811473846436e-02 7.538421452045440674e-02 8.075652122497558594e-01 -1.171387657523155212e-01 3.029930830001831055e+00
6.obj 1.607843137254902077e-01 5.176470588235294601e-01 5.176470588235294601e-01 -5.267781615257263184e-01 2.897751890122890472e-02 1.049943938851356506e-01 -1.571774721145629883e+00 -2.208348959684371948e-01 -3.314033674541860819e-04
7.obj 7.568627450980391913e-01 1.960784313725490169e-01 1.000000000000000000e+00 -4.219362139701843262e-01 -3.064764477312564850e-02 3.234473615884780884e-02 1.787114977836608887e+00 -7.121199369430541992e-02 -1.272789239883422852e+00
