1.obj 3.058823529411764941e-01 4.745098039215686070e-01 6.549019607843137303e-01 -3.904877603054046631e-01 -3.836310282349586487e-02 3.340664133429527283e-02 1.569802045822143555e+00 -2.554678618907928467e-01 -2.024593591690063477e+00
3.obj 3.490196078431372362e-01 6.313725490196078205e-01 3.098039215686274606e-01 -3.462723493576049805e-01 -8.380539715290069580e-02 1.349008362740278244e-02 1.572243690490722656e+00 -4.227793514728546143e-01 -1.569236636161804199e+00
1.obj 6.117647058823529882e-01 4.588235294117646856e-01 3.725490196078431460e-01 -6.037960052490234375e-01 5.389634519815444946e-02 2.586273476481437683e-02 -1.571557521820068359e+00 5.891410112380981445e-01 -3.138400554656982422e+00
8.obj 9.490196078431372140e-01 5.568627450980392357e-01 1.686274509803921684e-01 -5.316736102104187012e-01 -5.439395830035209656e-02 2.337032556533813477e-02 1.825826406478881836e+00 7.786756157875061035e-01 2.958012580871582031e+00
3.obj 9.294117647058823817e-01 7.882352941176470340e-01 2.823529411764705843e-01 -5.026894807815551758e-01 9.994269162416458130e-02 2.293147146701812744e-02 -1.573483824729919434e+00 1.313401103019714355e+00 1.078010082244873047e+00
7.obj 7.294117647058823151e-01 6.901960784313725394e-01 6.745098039215686736e-01 -4.845232963562011719e-01 5.967700481414794922e-02 1.463839132338762283e-02 -1.569705128669738770e+00 1.326439619064331055e+00 1.118908524513244629e+00
0.obj 1.000000000000000000e+00 3.411764705882353033e-01 3.490196078431372362e-01 -4.825696945190429688e-01 -1.603173315525054932e-01 1.915659941732883453e-02 -2.395146369934082031e+00 2.720511257648468018e-01 1.852317214012145996e+00
7.obj 6.901960784313725394e-01 4.784313725490196290e-01 6.313725490196078205e-01 -4.575699865818023682e-01 -9.978926181793212891e-02 1.334779430180788040e-02 -1.572274565696716309e+00 -1.177706241607666016e+00 1.617123246192932129e+00
1.obj 4.627450980392157076e-01 7.176470588235294157e-01 6.980392156862744724e-01 -5.442406535148620605e-01 1.654479070566594601e-03 2.598084881901741028e-02 -1.570813417434692383e+00 9.980387687683105469e-01 -1.133909026975743473e-04
6.obj 1.000000000000000000e+00 6.156862745098039547e-01 6.549019607843137303e-01 -3.140886723995208740e-01 -1.065166220068931580e-01 5.057495832443237305e-02 -1.344799399375915527e+00 -7.238398194313049316e-01 -2.911705493927001953e+00
