2.obj 3.058823529411764941e-01 4.745098039215686070e-01 6.549019607843137303e-01 -5.440038442611694336e-01 3.268817812204360962e-02 1.346856076270341873e-02 -1.564573526382446289e+00 1.231834888458251953e+00 -1.575763583183288574e+00
0.obj 6.117647058823529882e-01 4.588235294117646856e-01 3.725490196078431460e-01 -5.009916424751281738e-01 -7.889175415039062500e-02 2.525993809103965759e-02 -1.573250889778137207e+00 8.299885392189025879e-01 -1.566953182220458984e+00
8.obj 9.490196078431372140e-01 5.568627450980392357e-01 1.686274509803921684e-01 -4.141305983066558838e-01 8.827429264783859253e-02 2.338250353932380676e-02 2.201693058013916016e+00 8.304318189620971680e-01 2.647051334381103516e+00
4.obj 9.294117647058823817e-01 7.882352941176470340e-01 2.823529411764705843e-01 -4.655535221099853516e-01 -1.243289932608604431e-01 2.599949017167091370e-02 1.570616602897644043e+00 -1.117282152175903320e+00 3.141402721405029297e+00
2.obj 3.490196078431372362e-01 6.313725490196078205e-01 3.098039215686274606e-01 -4.941306710243225098e-01 8.296057581901550293e-02 1.349185872822999954e-02 -1.569373726844787598e+00 -1.011070609092712402e+00 -1.569947242736816406e+00
6.obj 7.294117647058823151e-01 6.901960784313725394e-01 6.745098039215686736e-01 -3.504111170768737793e-01 2.880718186497688293e-02 2.600000798702239990e-02 1.570622205734252930e+00 -5.672625303268432617e-01 1.570738196372985840e+00
1.obj 1.000000000000000000e+00 3.411764705882353033e-01 3.490196078431372362e-01 -5.059034228324890137e-01 -1.640125177800655365e-02 3.383247181773185730e-02 -1.571253061294555664e+00 1.205683588981628418e+00 4.838574230670928955e-01
7.obj 6.901960784313725394e-01 4.784313725490196290e-01 6.313725490196078205e-01 -4.263839125633239746e-01 -7.210383564233779907e-02 2.607832290232181549e-02 3.608103375881910324e-03 1.544203050434589386e-02 2.999717235565185547e+00
1.obj 4.627450980392157076e-01 7.176470588235294157e-01 6.980392156862744724e-01 -5.488815307617187500e-01 1.506462991237640381e-01 2.598705515265464783e-02 1.567354798316955566e+00 1.492781400680541992e+00 1.574184298515319824e+00
3.obj 1.000000000000000000e+00 6.156862745098039547e-01 6.549019607843137303e-01 -5.566927194595336914e-01 9.267422556877136230e-02 2.909348905086517334e-02 4.951971769332885742e-01 1.172921657562255859e+00 2.611684560775756836e+00
7.obj 2.274509803921568596e-01 3.921568627450980338e-01 5.490196078431373028e-01 -5.589644312858581543e-01 3.464706987142562866e-02 4.049437493085861206e-02 1.570869326591491699e+00 1.459487915039062500e+00 1.571248054504394531e+00
4.obj 5.490196078431373028e-01 4.196078431372549100e-01 2.745098039215686514e-01 -4.617062211036682129e-01 -6.038839742541313171e-02 5.970365926623344421e-02 -4.309814572334289551e-01 -1.104068994522094727e+00 -2.612732887268066406e+00
6.obj 8.627450980392157298e-01 4.784313725490196290e-01 9.019607843137254777e-02 -4.803555905818939209e-01 4.623823612928390503e-02 5.508022755384445190e-02 8.049928545951843262e-01 -9.316238164901733398e-01 1.852833151817321777e+00
6.obj 8.117647058823529438e-01 6.274509803921568540e-01 2.039215686274509776e-01 -6.903250813484191895e-01 -3.867696598172187805e-02 2.598238363862037659e-02 -1.570884585380554199e+00 3.221146166324615479e-01 -6.157657480798661709e-04
4.obj 7.843137254901960675e-02 1.000000000000000000e+00 5.686274509803921351e-01 -5.984346866607666016e-01 -7.433374971151351929e-02 2.597921527922153473e-02 -1.570009946823120117e+00 -7.024978995323181152e-01 3.141078472137451172e+00
8.obj 5.098039215686274161e-01 7.058823529411764608e-02 6.666666666666666574e-02 -4.666723310947418213e-01 -3.921369016170501709e-01 2.327001653611660004e-02 1.331768751144409180e+00 2.414667755365371704e-01 -3.083283424377441406e+00
0.obj 1.647058823529411742e-01 1.607843137254902077e-01 1.000000000000000000e+00 -5.817719697952270508e-01 -1.622769683599472046e-01 1.915616542100906372e-02 -2.627587318420410156e+00 -6.231661438941955566e-01 7.676684260368347168e-01
2.obj 9.607843137254902244e-01 8.705882352941176627e-01 7.019607843137254388e-01 -5.428732633590698242e-01 -1.288462281227111816e-01 2.804668620228767395e-02 3.367020785808563232e-01 -3.327769935131072998e-01 -2.321085453033447266e+00
2.obj 1.607843137254902077e-01 5.176470588235294601e-01 5.176470588235294601e-01 -5.139611363410949707e-01 -3.822453320026397705e-02 6.927511096000671387e-02 -1.161859989166259766e+00 2.835783660411834717e-01 1.745255351066589355e+00
0.obj 7.568627450980391913e-01 1.960784313725490169e-01 1.000000000000000000e+00 -4.279609322547912598e-01 2.472657943144440651e-03 2.599931694567203522e-02 1.570881724357604980e+00 -4.151716530323028564e-01 3.140325307846069336e+00
