1.obj 3.058823529411764941e-01 4.745098039215686070e-01 6.549019607843137303e-01 -5.517886281013488770e-01 2.084797248244285583e-02 2.599865570664405823e-02 1.570626735687255859e+00 1.418741822242736816e+00 -3.141574621200561523e+00
0.obj 3.490196078431372362e-01 6.313725490196078205e-01 3.098039215686274606e-01 -4.437456727027893066e-01 -7.021841406822204590e-02 2.599954977631568909e-02 1.571103930473327637e+00 -1.197132825851440430e+00 3.140536785125732422e+00
6.obj 6.117647058823529882e-01 4.588235294117646856e-01 3.725490196078431460e-01 -4.183665215969085693e-01 8.305211365222930908e-02 2.599360048770904541e-02 1.570638418197631836e+00 -1.553436398506164551e+00 1.570600628852844238e+00
8.obj 9.490196078431372140e-01 5.568627450980392357e-01 1.686274509803921684e-01 -5.074780583381652832e-01 1.047856807708740234e-01 2.598328888416290283e-02 1.570486068725585938e+00 -1.182073354721069336e+00 1.571037530899047852e+00
1.obj 9.294117647058823817e-01 7.882352941176470340e-01 2.823529411764705843e-01 -5.608813762664794922e-01 -1.017603278160095215e-01 5.099991708993911743e-02 3.141373157501220703e+00 -1.548153377370908856e-04 2.187255620956420898e+00
1.obj 7.294117647058823151e-01 6.901960784313725394e-01 6.745098039215686736e-01 -3.766292035579681396e-01 -1.038256660103797913e-01 2.599946036934852600e-02 1.570765137672424316e+00 -9.067895412445068359e-01 -6.209248385857790709e-05
4.obj 1.000000000000000000e+00 3.411764705882353033e-01 3.490196078431372362e-01 -5.562975406646728516e-01 8.061364293098449707e-02 2.596361935138702393e-02 -1.574882984161376953e+00 -8.848832845687866211e-01 -1.572750926017761230e+00
2.obj 6.901960784313725394e-01 4.784313725490196290e-01 6.313725490196078205e-01 -4.532042443752288818e-01 1.727460324764251709e-01 1.349310111254453659e-02 1.570890665054321289e+00 1.088502168655395508e+00 -1.570103287696838379e+00
3.obj 4.627450980392157076e-01 7.176470588235294157e-01 6.980392156862744724e-01 -5.656419396400451660e-01 9.185537695884704590e-02 6.541126221418380737e-02 1.572108626365661621e+00 -9.304976463317871094e-01 1.576574921607971191e+00
4.obj 1.000000000000000000e+00 6.156862745098039547e-01 6.549019607843137303e-01 -3.347979485988616943e-01 1.444576680660247803e-02 2.600023522973060608e-02 -1.570176124572753906e+00 -1.410394191741943359e+00 6.915269186720252037e-04
4.obj 2.274509803921568596e-01 3.921568627450980338e-01 5.490196078431373028e-01 -4.786022305488586426e-01 -1.690333336591720581e-01 2.600005827844142914e-02 1.570615530014038086e+00 -1.241064071655273438e+00 3.141421556472778320e+00
6.obj 5.490196078431373028e-01 4.196078431372549100e-01 2.745098039215686514e-01 -3.886196315288543701e-01 -1.387002784758806229e-02 4.820750653743743896e-02 9.495898485183715820e-01 3.446588516235351562e-01 2.373164147138595581e-01
0.obj 8.627450980392157298e-01 4.784313725490196290e-01 9.019607843137254777e-02 -6.094838380813598633e-01 -7.423163950443267822e-02 1.915624924004077911e-02 -5.485991239547729492e-01 5.939867496490478516e-01 8.279684185981750488e-01
6.obj 8.117647058823529438e-01 6.274509803921568540e-01 2.039215686274509776e-01 -5.461076498031616211e-01 3.683991730213165283e-02 7.800658047199249268e-02 -1.570865631103515625e+00 9.015676975250244141e-01 1.571693420410156250e+00
6.obj 6.509803921568627638e-01 6.117647058823529882e-01 6.274509803921568540e-01 -4.941495358943939209e-01 -7.498106360435485840e-02 5.692036822438240051e-02 2.566196918487548828e-01 4.116763174533843994e-01 -2.055246829986572266e+00
6.obj 6.509803921568627638e-01 6.117647058823529882e-01 6.274509803921568540e-01 -4.596105515956878662e-01 7.353176921606063843e-02 7.797849923372268677e-02 1.570733189582824707e+00 9.667458534240722656e-01 -3.141545295715332031e+00
7.obj 6.509803921568627638e-01 6.117647058823529882e-01 6.274509803921568540e-01 -4.716247022151947021e-01 -7.436020532622933388e-04 1.351798046380281448e-02 1.570698618888854980e+00 1.235775709152221680e+00 -1.464818120002746582e+00
7.obj 6.509803921568627638e-01 6.117647058823529882e-01 6.274509803921568540e-01 -5.683494806289672852e-01 -4.049983248114585876e-02 1.330408919602632523e-02 -1.577963590621948242e+00 1.390624523162841797e+00 1.478949666023254395e+00
1.obj 6.509803921568627638e-01 6.117647058823529882e-01 6.274509803921568540e-01 -4.618058800697326660e-01 -3.247744962573051453e-02 7.537055015563964844e-02 -2.614500522613525391e+00 -7.572917342185974121e-01 5.699166059494018555e-01
7.obj 6.509803921568627638e-01 6.117647058823529882e-01 6.274509803921568540e-01 -4.811394214630126953e-01 -2.430199645459651947e-02 8.657705783843994141e-02 -1.459653735160827637e+00 4.047954380512237549e-01 1.900550127029418945e+00
