7.obj 3.058823529411764941e-01 4.745098039215686070e-01 6.549019607843137303e-01 -4.369238018989562988e-01 -3.898606449365615845e-02 1.367234904319047928e-02 -1.567934513092041016e+00 1.027913808822631836e+00 1.324875116348266602e+00
1.obj 6.117647058823529882e-01 4.588235294117646856e-01 3.725490196078431460e-01 -5.309215784072875977e-01 1.114219278097152710e-01 2.595985867083072662e-02 1.570443511009216309e+00 1.266783237457275391e+00 -1.570186853408813477e+00
8.obj 9.490196078431372140e-01 5.568627450980392357e-01 1.686274509803921684e-01 -6.746787428855895996e-01 -3.499343246221542358e-02 2.336642518639564514e-02 -2.460181713104248047e-01 3.426643013954162598e-01 -9.299091696739196777e-01
7.obj 9.294117647058823817e-01 7.882352941176470340e-01 2.823529411764705843e-01 -5.499314069747924805e-01 3.529456257820129395e-02 2.598914131522178650e-02 3.141537189483642578e+00 -5.751560092903673649e-05 1.175149321556091309e+00
2.obj 7.294117647058823151e-01 6.901960784313725394e-01 6.745098039215686736e-01 -5.885581970214843750e-01 -2.119177579879760742e-02 1.349962688982486725e-02 -1.567910552024841309e+00 1.414318442344665527e+00 -1.574195742607116699e+00
7.obj 3.490196078431372362e-01 6.313725490196078205e-01 3.098039215686274606e-01 -5.311873555183410645e-01 -9.349058382213115692e-04 1.332240086048841476e-02 1.557789325714111328e+00 -1.380561590194702148e+00 -1.715892195701599121e+00
3.obj 1.000000000000000000e+00 3.411764705882353033e-01 3.490196078431372362e-01 -4.820800423622131348e-01 4.484870657324790955e-02 3.706320002675056458e-02 -2.257112860679626465e-01 -9.979548454284667969e-01 2.879072904586791992e+00
6.obj 6.901960784313725394e-01 4.784313725490196290e-01 6.313725490196078205e-01 -4.348815977573394775e-01 -1.521698087453842163e-01 2.599973045289516449e-02 1.569780826568603516e+00 1.516419172286987305e+00 1.050645601935684681e-03
8.obj 4.627450980392157076e-01 7.176470588235294157e-01 6.980392156862744724e-01 -5.392022132873535156e-01 -1.316527277231216431e-01 2.337105944752693176e-02 -2.118035554885864258e+00 -1.214519977569580078e+00 -5.212596058845520020e-01
4.obj 1.000000000000000000e+00 6.156862745098039547e-01 6.549019607843137303e-01 -3.955400288105010986e-01 -9.394947439432144165e-02 2.600001916289329529e-02 2.562979934737086296e-04 -9.597804164513945580e-04 1.004382610321044922e+00
3.obj 2.274509803921568596e-01 3.921568627450980338e-01 5.490196078431373028e-01 -5.173228979110717773e-01 -8.363302797079086304e-02 1.349884737282991409e-02 1.570742964744567871e+00 1.243451595306396484e+00 1.570872306823730469e+00
0.obj 5.490196078431373028e-01 4.196078431372549100e-01 2.745098039215686514e-01 -3.801233470439910889e-01 7.525729387998580933e-02 2.599521353840827942e-02 1.570544123649597168e+00 1.372155547142028809e+00 -1.004898804239928722e-03
4.obj 8.627450980392157298e-01 4.784313725490196290e-01 9.019607843137254777e-02 -4.878517091274261475e-01 -3.748382627964019775e-02 3.869451954960823059e-02 1.824643492698669434e+00 -3.801650404930114746e-01 -9.619910120964050293e-01
0.obj 8.117647058823529438e-01 6.274509803921568540e-01 2.039215686274509776e-01 -5.843351483345031738e-01 -1.466304529458284378e-02 5.298411101102828979e-02 1.568550944328308105e+00 -4.804289638996124268e-01 -3.299983451142907143e-03
1.obj 7.843137254901960675e-02 1.000000000000000000e+00 5.686274509803921351e-01 -3.688115179538726807e-01 1.831679418683052063e-02 2.597967907786369324e-02 -1.570519089698791504e+00 -1.453124046325683594e+00 9.900145960273221135e-05
7.obj 5.098039215686274161e-01 7.058823529411764608e-02 6.666666666666666574e-02 -3.576613664627075195e-01 -4.444187134504318237e-02 1.335984747856855392e-02 -1.571306467056274414e+00 -4.618931710720062256e-01 -1.568407177925109863e+00
8.obj 1.647058823529411742e-01 1.607843137254902077e-01 1.000000000000000000e+00 -5.404953956604003906e-01 -7.109493017196655273e-02 5.045013874769210815e-02 -2.811891078948974609e+00 5.526248812675476074e-01 -2.148343086242675781e+00
1.obj 9.607843137254902244e-01 8.705882352941176627e-01 7.019607843137254388e-01 -5.184956789016723633e-01 6.898052245378494263e-02 7.317911088466644287e-02 -2.382489681243896484e+00 -8.025789856910705566e-01 -2.350657463073730469e+00
7.obj 1.607843137254902077e-01 5.176470588235294601e-01 5.176470588235294601e-01 -4.728096127510070801e-01 2.227013697847723961e-03 3.552252799272537231e-02 3.117798328399658203e+00 5.293670892715454102e-01 -1.112576484680175781e+00
8.obj 7.568627450980391913e-01 1.960784313725490169e-01 1.000000000000000000e+00 -4.398659765720367432e-01 1.879111118614673615e-02 6.319854408502578735e-02 -2.577237606048583984e+00 4.057697951793670654e-01 -6.781934499740600586e-01
