1.obj 3.058823529411764941e-01 4.745098039215686070e-01 6.549019607843137303e-01 -5.328826308250427246e-01 -1.889646612107753754e-02 2.599148079752922058e-02 1.571330547332763672e+00 1.309928178787231445e+00 -1.571855664253234863e+00
1.obj 6.117647058823529882e-01 4.588235294117646856e-01 3.725490196078431460e-01 -5.712005496025085449e-01 1.033141463994979858e-01 2.598728798329830170e-02 -1.570695757865905762e+00 -1.099542140960693359e+00 -6.561702466569840908e-04
8.obj 3.490196078431372362e-01 6.313725490196078205e-01 3.098039215686274606e-01 -3.360022902488708496e-01 8.472024649381637573e-02 2.335545793175697327e-02 8.454999327659606934e-02 -1.639880686998367310e-01 2.060501098632812500e+00
8.obj 9.490196078431372140e-01 5.568627450980392357e-01 1.686274509803921684e-01 -4.303501546382904053e-01 -4.718444868922233582e-02 2.339192479848861694e-02 -2.758212804794311523e+00 4.960705935955047607e-01 8.717458248138427734e-01
2.obj 9.294117647058823817e-01 7.882352941176470340e-01 2.823529411764705843e-01 -4.757255017757415771e-01 -9.063792973756790161e-02 1.343156676739454269e-02 1.570856332778930664e+00 -5.325530767440795898e-01 1.570323109626770020e+00
6.obj 7.294117647058823151e-01 6.901960784313725394e-01 6.745098039215686736e-01 -3.881408870220184326e-01 6.646548211574554443e-02 4.940661042928695679e-02 -8.224371075630187988e-01 5.305097699165344238e-01 -4.388682842254638672e-01
1.obj 1.000000000000000000e+00 3.411764705882353033e-01 3.490196078431372362e-01 -5.594786405563354492e-01 5.365654081106185913e-02 2.593681216239929199e-02 -1.571417808532714844e+00 -1.261269927024841309e+00 -3.140762329101562500e+00
6.obj 6.901960784313725394e-01 4.784313725490196290e-01 6.313725490196078205e-01 -5.480849742889404297e-01 -1.792409569025039673e-01 2.599992416799068451e-02 1.570809721946716309e+00 1.042404770851135254e-01 -1.570744752883911133e+00
6.obj 4.627450980392157076e-01 7.176470588235294157e-01 6.980392156862744724e-01 -6.501591205596923828e-01 -1.285351812839508057e-01 2.598927915096282959e-02 1.569963693618774414e+00 -1.313624382019042969e+00 3.140837192535400391e+00
7.obj 1.000000000000000000e+00 6.156862745098039547e-01 6.549019607843137303e-01 -5.276194214820861816e-01 9.475892037153244019e-02 6.539323180913925171e-02 1.569968938827514648e+00 -8.757384419441223145e-01 -1.656339287757873535e+00
3.obj 2.274509803921568596e-01 3.921568627450980338e-01 5.490196078431373028e-01 -5.568672418594360352e-01 -7.994005084037780762e-02 3.289685770869255066e-02 2.083198785781860352e+00 1.047557830810546875e+00 -2.432426452636718750e+00
7.obj 5.490196078431373028e-01 4.196078431372549100e-01 2.745098039215686514e-01 -5.760990977287292480e-01 -9.407453984022140503e-02 1.331634260714054108e-02 -1.571463942527770996e+00 -5.853040218353271484e-01 -1.568740248680114746e+00
0.obj 8.627450980392157298e-01 4.784313725490196290e-01 9.019607843137254777e-02 -4.320731759071350098e-01 1.408325731754302979e-01 2.525835856795310974e-02 1.606980443000793457e+00 1.385913372039794922e+00 1.547121047973632812e+00
3.obj 8.117647058823529438e-01 6.274509803921568540e-01 2.039215686274509776e-01 -4.974512457847595215e-01 -8.354350179433822632e-02 5.064952373504638672e-02 1.819153070449829102e+00 1.287967205047607422e+00 9.621750116348266602e-01
7.obj 7.843137254901960675e-02 1.000000000000000000e+00 5.686274509803921351e-01 -4.301269948482513428e-01 -1.317836344242095947e-01 1.324952114373445511e-02 1.572541475296020508e+00 5.476748347282409668e-01 1.572757959365844727e+00
0.obj 5.098039215686274161e-01 7.058823529411764608e-02 6.666666666666666574e-02 -4.434545934200286865e-01 1.142514124512672424e-02 3.584368526935577393e-02 -1.480105876922607422e+00 1.074824810028076172e+00 1.942013502120971680e+00
7.obj 1.647058823529411742e-01 1.607843137254902077e-01 1.000000000000000000e+00 -5.239270925521850586e-01 -5.702003836631774902e-03 4.766841605305671692e-02 1.613889336585998535e+00 -1.863723695278167725e-01 -7.212510108947753906e-01
3.obj 9.607843137254902244e-01 8.705882352941176627e-01 7.019607843137254388e-01 -4.732143878936767578e-01 5.201574042439460754e-02 4.733775183558464050e-02 7.623317837715148926e-01 -4.814202189445495605e-01 -1.642698168754577637e+00
3.obj 1.607843137254902077e-01 5.176470588235294601e-01 5.176470588235294601e-01 -5.072337985038757324e-01 -6.389395892620086670e-02 7.451293617486953735e-02 3.018260478973388672e+00 1.408583402633666992e+00 -2.184673398733139038e-01
1.obj 7.568627450980391913e-01 1.960784313725490169e-01 1.000000000000000000e+00 -4.528343677520751953e-01 -1.724756695330142975e-02 8.576437085866928101e-02 -3.037835121154785156e+00 1.315238475799560547e+00 2.026967525482177734e+00
