8.obj 3.058823529411764941e-01 4.745098039215686070e-01 6.549019607843137303e-01 -4.819101691246032715e-01 -5.509613826870918274e-02 2.344175800681114197e-02 6.525135636329650879e-01 -2.372048497200012207e-01 -3.020750582218170166e-01
0.obj 3.490196078431372362e-01 6.313725490196078205e-01 3.098039215686274606e-01 -5.078147649765014648e-01 4.640026018023490906e-02 2.525471523404121399e-02 -1.622615337371826172e+00 -1.442958593368530273e+00 -1.610485315322875977e+00
6.obj 6.117647058823529882e-01 4.588235294117646856e-01 3.725490196078431460e-01 -4.612706601619720459e-01 6.722009927034378052e-02 5.029662325978279114e-02 -1.417231857776641846e-01 -8.972131609916687012e-01 -1.802895218133926392e-01
7.obj 9.490196078431372140e-01 5.568627450980392357e-01 1.686274509803921684e-01 -5.814257264137268066e-01 -8.149428665637969971e-02 1.328237168490886688e-02 1.567906618118286133e+00 -4.949835538864135742e-01 1.567389130592346191e+00
1.obj 9.294117647058823817e-01 7.882352941176470340e-01 2.823529411764705843e-01 -5.433276295661926270e-01 -6.130462139844894409e-02 2.734600007534027100e-02 1.570453524589538574e+00 3.481517732143402100e-01 1.516261339187622070e+00
1.obj 7.294117647058823151e-01 6.901960784313725394e-01 6.745098039215686736e-01 -4.009012579917907715e-01 4.594161175191402435e-03 2.596216835081577301e-02 1.566844463348388672e+00 1.485324621200561523e+00 1.574718832969665527e+00
3.obj 1.000000000000000000e+00 3.411764705882353033e-01 3.490196078431372362e-01 -5.839477777481079102e-01 3.524539247155189514e-02 1.829238608479499817e-02 1.570803165435791016e+00 4.462247788906097412e-01 -1.349542260169982910e+00
4.obj 6.901960784313725394e-01 4.784313725490196290e-01 6.313725490196078205e-01 -4.836098253726959229e-01 -6.774612702429294586e-03 4.593081027269363403e-02 -2.317786693572998047e+00 -3.102374374866485596e-01 3.078093826770782471e-01
8.obj 4.627450980392157076e-01 7.176470588235294157e-01 6.980392156862744724e-01 -5.281163454055786133e-01 5.349603295326232910e-01 2.337930537760257721e-02 -2.531691551208496094e+00 5.964168533682823181e-02 8.861154317855834961e-02
4.obj 1.000000000000000000e+00 6.156862745098039547e-01 6.549019607843137303e-01 -5.538445115089416504e-01 1.255952864885330200e-01 2.600001916289329529e-02 -4.148860170971602201e-04 9.026321349665522575e-04 -1.967344880104064941e+00
