8.obj 3.058823529411764941e-01 4.745098039215686070e-01 6.549019607843137303e-01 -6.106867790222167969e-01 2.539818547666072845e-02 2.339490130543708801e-02 5.431796237826347351e-02 4.002870023250579834e-01 1.432193279266357422e+00
1.obj 6.117647058823529882e-01 4.588235294117646856e-01 3.725490196078431460e-01 -4.703134596347808838e-01 -1.159900873899459839e-01 2.597628161311149597e-02 -1.570266127586364746e+00 4.949241280555725098e-01 -1.570826292037963867e+00
2.obj 9.490196078431372140e-01 5.568627450980392357e-01 1.686274509803921684e-01 -4.721892476081848145e-01 -3.075231239199638367e-02 2.599969133734703064e-02 -1.592305660247802734e+00 1.553436398506164551e+00 2.409213781356811523e-02
0.obj 9.294117647058823817e-01 7.882352941176470340e-01 2.823529411764705843e-01 -3.769761025905609131e-01 4.614374414086341858e-02 2.525835298001766205e-02 -1.587804317474365234e+00 -1.169106841087341309e+00 -1.574559092521667480e+00
7.obj 3.490196078431372362e-01 6.313725490196078205e-01 3.098039215686274606e-01 -4.705499708652496338e-01 8.979974687099456787e-02 1.305435132235288620e-02 -1.571628928184509277e+00 -8.307470679283142090e-01 -1.571727633476257324e+00
8.obj 7.294117647058823151e-01 6.901960784313725394e-01 6.745098039215686736e-01 -4.247340261936187744e-01 1.109063252806663513e-02 2.599385753273963928e-02 1.571727275848388672e+00 -3.654300272464752197e-01 -1.569224357604980469e+00
7.obj 1.000000000000000000e+00 3.411764705882353033e-01 3.490196078431372362e-01 -4.659384191036224365e-01 4.385359212756156921e-02 2.469391934573650360e-02 -9.366701245307922363e-01 1.429534107446670532e-01 -1.672296166419982910e+00
6.obj 6.901960784313725394e-01 4.784313725490196290e-01 6.313725490196078205e-01 -5.598161816596984863e-01 -1.155261024832725525e-01 2.599653601646423340e-02 -1.570775508880615234e+00 -1.179724216461181641e+00 -1.570845961570739746e+00
8.obj 4.627450980392157076e-01 7.176470588235294157e-01 6.980392156862744724e-01 -5.701223611831665039e-01 -1.236347667872905731e-02 2.335214987397193909e-02 3.759995698928833008e-01 4.917910099029541016e-01 8.723975419998168945e-01
8.obj 1.000000000000000000e+00 6.156862745098039547e-01 6.549019607843137303e-01 -3.370872139930725098e-01 -1.338837444782257080e-01 2.338192611932754517e-02 2.566116452217102051e-01 -1.120548486709594727e+00 -1.284495949745178223e+00
0.obj 2.274509803921568596e-01 3.921568627450980338e-01 5.490196078431373028e-01 -5.321772694587707520e-01 6.800442934036254883e-02 1.915545761585235596e-02 -7.767833471298217773e-01 -1.304133981466293335e-01 1.700964570045471191e+00
0.obj 5.490196078431373028e-01 4.196078431372549100e-01 2.745098039215686514e-01 -5.305766463279724121e-01 -6.541323661804199219e-02 3.214830905199050903e-02 1.862670660018920898e+00 1.172096729278564453e+00 -6.233273148536682129e-01
4.obj 8.627450980392157298e-01 4.784313725490196290e-01 9.019607843137254777e-02 -5.143485069274902344e-01 1.400655694305896759e-02 3.519352525472640991e-02 1.510008692741394043e+00 -1.370895147323608398e+00 -8.582645058631896973e-01
1.obj 8.117647058823529438e-01 6.274509803921568540e-01 2.039215686274509776e-01 -4.755840301513671875e-01 -2.750476822257041931e-02 7.932055741548538208e-02 1.293127298355102539e+00 -1.477750658988952637e+00 -1.842970252037048340e+00
4.obj 7.843137254901960675e-02 1.000000000000000000e+00 5.686274509803921351e-01 -4.223609566688537598e-01 -1.710289865732192993e-01 2.599320374429225922e-02 1.571471333503723145e+00 -1.228112578392028809e-01 -1.896937319543212652e-04
8.obj 5.098039215686274161e-01 7.058823529411764608e-02 6.666666666666666574e-02 -5.887852311134338379e-01 9.967075288295745850e-02 2.598671615123748779e-02 -1.570113539695739746e+00 3.762579560279846191e-01 1.570573568344116211e+00
1.obj 1.647058823529411742e-01 1.607843137254902077e-01 1.000000000000000000e+00 -3.801406025886535645e-01 1.545240581035614014e-01 2.594642341136932373e-02 1.569449663162231445e+00 -1.018431544303894043e+00 1.565706729888916016e+00
4.obj 9.607843137254902244e-01 8.705882352941176627e-01 7.019607843137254388e-01 -5.260978937149047852e-01 1.250406354665756226e-01 2.589927986264228821e-02 -1.575819849967956543e+00 1.465692520141601562e+00 1.579916357994079590e+00
2.obj 1.607843137254902077e-01 5.176470588235294601e-01 5.176470588235294601e-01 -4.733538627624511719e-01 1.439826786518096924e-01 2.599704638123512268e-02 1.572163224220275879e+00 1.132171869277954102e+00 -6.152814603410661221e-04
7.obj 7.568627450980391913e-01 1.960784313725490169e-01 1.000000000000000000e+00 -4.380464553833007812e-01 9.962698072195053101e-02 2.681057155132293701e-02 -2.758562803268432617e+00 7.251731753349304199e-01 2.251506090164184570e+00
