4.obj 3.058823529411764941e-01 4.745098039215686070e-01 6.549019607843137303e-01 -4.790214002132415771e-01 -4.362008348107337952e-02 2.595029398798942566e-02 1.570870637893676758e+00 -8.071863055229187012e-01 -1.563290596008300781e+00
4.obj 6.117647058823529882e-01 4.588235294117646856e-01 3.725490196078431460e-01 -5.358365774154663086e-01 8.928259462118148804e-02 2.599911764264106750e-02 -1.570803403854370117e+00 -1.335006594657897949e+00 -1.862558565335348248e-05
1.obj 9.490196078431372140e-01 5.568627450980392357e-01 1.686274509803921684e-01 -5.196453928947448730e-01 -7.696922123432159424e-02 2.598267234861850739e-02 1.570407152175903320e+00 7.763394713401794434e-01 1.570992231369018555e+00
7.obj 9.294117647058823817e-01 7.882352941176470340e-01 2.823529411764705843e-01 -4.089570939540863037e-01 2.490846626460552216e-02 1.583135500550270081e-02 -1.562018275260925293e+00 1.165043234825134277e+00 2.187301635742187500e+00
2.obj 7.294117647058823151e-01 6.901960784313725394e-01 6.745098039215686736e-01 -4.378744065761566162e-01 8.000750094652175903e-02 1.345925498753786087e-02 -1.567966938018798828e+00 -3.598666787147521973e-01 -1.568119525909423828e+00
2.obj 3.490196078431372362e-01 6.313725490196078205e-01 3.098039215686274606e-01 -5.074635744094848633e-01 6.961307488381862640e-03 2.599179185926914215e-02 9.194090125674847513e-06 2.760895295068621635e-04 1.625215172767639160e+00
4.obj 1.000000000000000000e+00 3.411764705882353033e-01 3.490196078431372362e-01 -4.638178944587707520e-01 1.411789506673812866e-01 2.596538327634334564e-02 -1.583845615386962891e+00 1.337360143661499023e+00 -1.556576609611511230e+00
1.obj 6.901960784313725394e-01 4.784313725490196290e-01 6.313725490196078205e-01 -6.790937185287475586e-01 -6.701850332319736481e-03 2.584091387689113617e-02 1.568476200103759766e+00 -8.085875511169433594e-01 1.568250060081481934e+00
3.obj 4.627450980392157076e-01 7.176470588235294157e-01 6.980392156862744724e-01 -6.051945090293884277e-01 -2.043692395091056824e-02 2.599924802780151367e-02 1.570808291435241699e+00 1.727669090032577515e-01 -7.081399962771683931e-05
6.obj 1.000000000000000000e+00 6.156862745098039547e-01 6.549019607843137303e-01 -5.214843153953552246e-01 -9.923101216554641724e-02 7.796845585107803345e-02 -1.570606589317321777e+00 -7.065315246582031250e-01 1.570053577423095703e+00
4.obj 2.274509803921568596e-01 3.921568627450980338e-01 5.490196078431373028e-01 -4.966197907924652100e-01 -2.761466428637504578e-02 7.782753556966781616e-02 3.119012117385864258e+00 1.778415217995643616e-02 -1.693684905767440796e-01
7.obj 5.490196078431373028e-01 4.196078431372549100e-01 2.745098039215686514e-01 -5.747557878494262695e-01 2.108001708984375000e-02 1.368012465536594391e-02 -1.570654511451721191e+00 -1.728769242763519287e-01 1.754674315452575684e+00
6.obj 8.627450980392157298e-01 4.784313725490196290e-01 9.019607843137254777e-02 -5.433228611946105957e-01 8.270199596881866455e-02 7.796601206064224243e-02 1.572337865829467773e+00 -4.886872470378875732e-01 1.573211669921875000e+00
1.obj 8.117647058823529438e-01 6.274509803921568540e-01 2.039215686274509776e-01 -4.210996031761169434e-01 -1.893947422504425049e-01 2.599610015749931335e-02 1.570700526237487793e+00 -5.947566628456115723e-01 -1.570914864540100098e+00
3.obj 7.843137254901960675e-02 1.000000000000000000e+00 5.686274509803921351e-01 -5.978523492813110352e-01 -2.461809478700160980e-02 6.547904014587402344e-02 -1.596394181251525879e+00 1.059798598289489746e+00 -1.533546686172485352e+00
0.obj 5.098039215686274161e-01 7.058823529411764608e-02 6.666666666666666574e-02 -3.297044634819030762e-01 2.921047806739807129e-02 2.599991299211978912e-02 -1.570896148681640625e+00 -1.654054820537567139e-01 -1.313237124122679234e-03
4.obj 1.647058823529411742e-01 1.607843137254902077e-01 1.000000000000000000e+00 -3.657993674278259277e-01 -4.740662127733230591e-02 2.599352225661277771e-02 1.774684496922418475e-04 -1.022795564495027065e-03 8.932801485061645508e-01
0.obj 9.607843137254902244e-01 8.705882352941176627e-01 7.019607843137254388e-01 -4.858022332191467285e-01 5.812482908368110657e-02 3.118494711816310883e-02 2.590576171875000000e+00 1.143460154533386230e+00 -2.111451864242553711e+00
7.obj 1.607843137254902077e-01 5.176470588235294601e-01 5.176470588235294601e-01 -4.845390319824218750e-01 -7.400669157505035400e-02 7.797244936227798462e-02 3.141418457031250000e+00 1.415255945175886154e-03 -2.896231174468994141e+00
3.obj 7.568627450980391913e-01 1.960784313725490169e-01 1.000000000000000000e+00 -4.230678677558898926e-01 -4.087698832154273987e-02 4.388096928596496582e-02 -2.023620605468750000e+00 5.837478637695312500e-01 -2.674060761928558350e-01
