0.obj 3.058823529411764941e-01 4.745098039215686070e-01 6.549019607843137303e-01 -5.602521300315856934e-01 1.041907072067260742e-01 2.599993720650672913e-02 1.570635914802551270e+00 3.855276405811309814e-01 -1.146164140664041042e-03
4.obj 3.490196078431372362e-01 6.313725490196078205e-01 3.098039215686274606e-01 -3.915205001831054688e-01 -8.748293668031692505e-02 2.717130258679389954e-02 -5.674248561263084412e-02 -6.050898507237434387e-02 7.802070975303649902e-01
7.obj 6.117647058823529882e-01 4.588235294117646856e-01 3.725490196078431460e-01 -5.272341966629028320e-01 -3.660545498132705688e-02 1.341805420815944672e-02 1.568379044532775879e+00 -1.016978859901428223e+00 -1.495759367942810059e+00
0.obj 9.490196078431372140e-01 5.568627450980392357e-01 1.686274509803921684e-01 -4.396884441375732422e-01 -1.776802837848663330e-01 2.525835856795310974e-02 -1.577756285667419434e+00 2.994257807731628418e-01 -1.556850433349609375e+00
7.obj 9.294117647058823817e-01 7.882352941176470340e-01 2.823529411764705843e-01 -4.988758563995361328e-01 -7.973976433277130127e-02 1.380201615393161774e-02 1.570592284202575684e+00 -1.016729354858398438e+00 -1.308572292327880859e+00
3.obj 7.294117647058823151e-01 6.901960784313725394e-01 6.745098039215686736e-01 -5.801502466201782227e-01 -8.822290599346160889e-02 1.349999755620956421e-02 -1.570791006088256836e+00 -6.229562759399414062e-01 -1.570761799812316895e+00
0.obj 1.000000000000000000e+00 3.411764705882353033e-01 3.490196078431372362e-01 -5.016037225723266602e-01 -1.554109305143356323e-01 1.915385946631431580e-02 2.358449459075927734e+00 -6.900026649236679077e-02 -1.502558231353759766e+00
0.obj 6.901960784313725394e-01 4.784313725490196290e-01 6.313725490196078205e-01 -3.756877481937408447e-01 -2.360314317047595978e-02 2.600001916289329529e-02 -1.570631384849548340e+00 -9.629440307617187500e-01 3.140439987182617188e+00
1.obj 4.627450980392157076e-01 7.176470588235294157e-01 6.980392156862744724e-01 -5.778532624244689941e-01 2.904316224157810211e-02 2.598179504275321960e-02 1.569840669631958008e+00 1.073658704757690430e+00 1.571776151657104492e+00
7.obj 1.000000000000000000e+00 6.156862745098039547e-01 6.549019607843137303e-01 -5.485754609107971191e-01 1.528183817863464355e-01 1.372651476413011551e-02 -1.570783138275146484e+00 -7.956953644752502441e-01 1.764272332191467285e+00
4.obj 2.274509803921568596e-01 3.921568627450980338e-01 5.490196078431373028e-01 -4.677540361881256104e-01 1.077957898378372192e-01 2.596329152584075928e-02 -1.585680723190307617e+00 -1.372528076171875000e+00 -1.583939433097839355e+00
6.obj 5.490196078431373028e-01 4.196078431372549100e-01 2.745098039215686514e-01 -6.748083829879760742e-01 -3.458368405699729919e-02 2.599690295755863190e-02 1.571400046348571777e+00 1.138717889785766602e+00 1.569553971290588379e+00
1.obj 8.627450980392157298e-01 4.784313725490196290e-01 9.019607843137254777e-02 -5.635244846343994141e-01 -1.070644631981849670e-01 5.320697277784347534e-02 -1.567239999771118164e+00 3.404883146286010742e-01 3.138117074966430664e+00
0.obj 8.117647058823529438e-01 6.274509803921568540e-01 2.039215686274509776e-01 -4.465284943580627441e-01 5.887337401509284973e-02 1.915454491972923279e-02 2.384127616882324219e+00 2.323399931192398071e-01 -1.810709238052368164e+00
4.obj 7.843137254901960675e-02 1.000000000000000000e+00 5.686274509803921351e-01 -5.261734724044799805e-01 6.271538138389587402e-02 2.599507011473178864e-02 3.141408443450927734e+00 3.280999953858554363e-04 1.967347979545593262e+00
3.obj 5.098039215686274161e-01 7.058823529411764608e-02 6.666666666666666574e-02 -5.159546732902526855e-01 -9.976029396057128906e-02 7.472433894872665405e-02 -2.196795940399169922e+00 3.076074719429016113e-01 -6.841674447059631348e-03
4.obj 1.647058823529411742e-01 1.607843137254902077e-01 1.000000000000000000e+00 -4.384559690952301025e-01 -3.561668097972869873e-02 3.512651473283767700e-02 -2.320597648620605469e+00 -2.060487680137157440e-02 1.539896845817565918e+00
7.obj 9.607843137254902244e-01 8.705882352941176627e-01 7.019607843137254388e-01 -4.835541248321533203e-01 -2.702407911419868469e-02 2.593253180384635925e-02 -3.141277551651000977e+00 5.851858877576887608e-04 -6.088184118270874023e-01
4.obj 1.607843137254902077e-01 5.176470588235294601e-01 5.176470588235294601e-01 -4.546608924865722656e-01 -9.057952463626861572e-02 7.497636228799819946e-02 -2.672121524810791016e+00 1.131565868854522705e-01 -2.159982919692993164e+00
2.obj 7.568627450980391913e-01 1.960784313725490169e-01 1.000000000000000000e+00 -4.585220217704772949e-01 8.660534396767616272e-03 4.917152598500251770e-02 -2.043570756912231445e+00 -1.348429560661315918e+00 -1.294624686241149902e+00
