7.obj 3.058823529411764941e-01 4.745098039215686070e-01 6.549019607843137303e-01 -4.923157691955566406e-01 -2.160997688770294189e-02 1.336531061679124832e-02 1.564864873886108398e+00 1.059787392616271973e+00 -1.684895873069763184e+00
3.obj 6.117647058823529882e-01 4.588235294117646856e-01 3.725490196078431460e-01 -3.640450835227966309e-01 7.985583692789077759e-02 1.350019685924053192e-02 1.570816278457641602e+00 -1.184657812118530273e+00 -1.570743322372436523e+00
4.obj 9.490196078431372140e-01 5.568627450980392357e-01 1.686274509803921684e-01 -6.028643846511840820e-01 -1.837052032351493835e-02 2.599907480180263519e-02 -1.679052547842729837e-05 4.071050207130610943e-04 1.667031168937683105e+00
3.obj 3.490196078431372362e-01 6.313725490196078205e-01 3.098039215686274606e-01 -4.452779889106750488e-01 1.718578115105628967e-02 1.349761802703142166e-02 1.569719076156616211e+00 1.153626441955566406e+00 1.572171807289123535e+00
4.obj 9.294117647058823817e-01 7.882352941176470340e-01 2.823529411764705843e-01 -5.044729113578796387e-01 -1.252346485853195190e-01 2.590938284993171692e-02 -1.567400813102722168e+00 1.039057254791259766e+00 1.573122501373291016e+00
8.obj 7.294117647058823151e-01 6.901960784313725394e-01 6.745098039215686736e-01 -5.430717468261718750e-01 -4.627587646245956421e-02 2.878619171679019928e-02 8.800535798072814941e-01 -4.336483478546142578e-01 2.479338169097900391e+00
3.obj 1.000000000000000000e+00 3.411764705882353033e-01 3.490196078431372362e-01 -4.443158209323883057e-01 9.873111546039581299e-02 2.673148736357688904e-02 -1.865885853767395020e+00 1.692409962415695190e-01 -1.519619703292846680e+00
6.obj 6.901960784313725394e-01 4.784313725490196290e-01 6.313725490196078205e-01 -3.145373463630676270e-01 4.110089689493179321e-02 5.099772289395332336e-02 -3.141402244567871094e+00 -4.112898313906043768e-04 2.739080190658569336e+00
1.obj 4.627450980392157076e-01 7.176470588235294157e-01 6.980392156862744724e-01 -6.329628229141235352e-01 2.873450517654418945e-02 2.594004012644290924e-02 -1.569441795349121094e+00 7.080798149108886719e-01 -3.140932083129882812e+00
3.obj 1.000000000000000000e+00 6.156862745098039547e-01 6.549019607843137303e-01 -5.459393262863159180e-01 4.798903316259384155e-02 1.348493061959743500e-02 -1.570727109909057617e+00 6.291909813880920410e-01 1.570859789848327637e+00
3.obj 2.274509803921568596e-01 3.921568627450980338e-01 5.490196078431373028e-01 -4.083507955074310303e-01 -1.259037852287292480e-01 1.350021362304687500e-02 -1.570787072181701660e+00 7.694265246391296387e-01 -1.570761084556579590e+00
3.obj 5.490196078431373028e-01 4.196078431372549100e-01 2.745098039215686514e-01 -4.428907930850982666e-01 -7.288369536399841309e-02 2.319590374827384949e-02 -1.570802330970764160e+00 8.334702253341674805e-01 2.085216760635375977e+00
4.obj 8.627450980392157298e-01 4.784313725490196290e-01 9.019607843137254777e-02 -5.741785764694213867e-01 1.648999601602554321e-01 2.598872780799865723e-02 -1.572885036468505859e+00 1.201297521591186523e+00 -3.140572547912597656e+00
0.obj 8.117647058823529438e-01 6.274509803921568540e-01 2.039215686274509776e-01 -4.401004314422607422e-01 1.947912201285362244e-02 5.299926549196243286e-02 -1.570916652679443359e+00 -4.619470238685607910e-01 -1.416031736880540848e-03
8.obj 7.843137254901960675e-02 1.000000000000000000e+00 5.686274509803921351e-01 -4.997103810310363770e-01 3.082398511469364166e-02 4.984132573008537292e-02 -1.974169492721557617e+00 1.094069004058837891e+00 2.858346402645111084e-01
6.obj 5.098039215686274161e-01 7.058823529411764608e-02 6.666666666666666574e-02 -6.079206466674804688e-01 -1.623974889516830444e-01 2.599871531128883362e-02 -1.570909619331359863e+00 4.483495950698852539e-01 -1.571084618568420410e+00
6.obj 1.647058823529411742e-01 1.607843137254902077e-01 1.000000000000000000e+00 -5.656474828720092773e-01 -8.882272057235240936e-03 7.346004247665405273e-02 1.189471364021301270e+00 -5.933536887168884277e-01 1.026351451873779297e+00
1.obj 9.607843137254902244e-01 8.705882352941176627e-01 7.019607843137254388e-01 -5.134322643280029297e-01 1.657063663005828857e-01 2.588739059865474701e-02 -1.570198655128479004e+00 1.373140662908554077e-01 -1.572550892829895020e+00
0.obj 1.607843137254902077e-01 5.176470588235294601e-01 5.176470588235294601e-01 -6.741896867752075195e-01 -1.165047660470008850e-01 1.915659569203853607e-02 -2.813619613647460938e+00 7.273793220520019531e-01 2.667400121688842773e+00
6.obj 7.568627450980391913e-01 1.960784313725490169e-01 1.000000000000000000e+00 -4.509676396846771240e-01 1.208462491631507874e-01 6.179674714803695679e-02 -1.892909049987792969e+00 6.335846781730651855e-01 -1.509628176689147949e+00
