4.obj 3.058823529411764941e-01 4.745098039215686070e-01 6.549019607843137303e-01 -4.976703226566314697e-01 3.359304741024971008e-02 2.599443867802619934e-02 -3.141269445419311523e+00 1.882011420093476772e-04 1.979956403374671936e-02
4.obj 6.117647058823529882e-01 4.588235294117646856e-01 3.725490196078431460e-01 -5.404583215713500977e-01 -1.698744297027587891e-02 2.599825337529182434e-02 3.140945911407470703e+00 2.052472409559413791e-04 1.055907964706420898e+00
1.obj 9.490196078431372140e-01 5.568627450980392357e-01 1.686274509803921684e-01 -5.657977461814880371e-01 6.882337480783462524e-02 2.594437822699546814e-02 -1.566793918609619141e+00 8.078814744949340820e-01 3.139068126678466797e+00
8.obj 9.294117647058823817e-01 7.882352941176470340e-01 2.823529411764705843e-01 -5.664979219436645508e-01 -1.376293003559112549e-01 2.342366240918636322e-02 -1.691171169281005859e+00 8.266938328742980957e-01 8.623621612787246704e-02
4.obj 7.294117647058823151e-01 6.901960784313725394e-01 6.745098039215686736e-01 -4.386059343814849854e-01 8.643895387649536133e-03 2.598323300480842590e-02 -7.148786680772900581e-04 -6.924995104782283306e-04 -2.146940231323242188e+00
8.obj 1.000000000000000000e+00 3.411764705882353033e-01 3.490196078431372362e-01 -4.636832177639007568e-01 -4.591817408800125122e-02 2.327685430645942688e-02 2.839628159999847412e-01 -5.457893610000610352e-01 2.085649490356445312e+00
7.obj 3.490196078431372362e-01 6.313725490196078205e-01 3.098039215686274606e-01 -5.286644101142883301e-01 -1.140520423650741577e-01 1.323579810559749603e-02 1.569418907165527344e+00 7.414131164550781250e-01 1.570643067359924316e+00
6.obj 6.901960784313725394e-01 4.784313725490196290e-01 6.313725490196078205e-01 -3.502924740314483643e-01 7.319825817830860615e-05 2.599642239511013031e-02 -1.570777416229248047e+00 -1.198201626539230347e-01 -1.570734977722167969e+00
3.obj 4.627450980392157076e-01 7.176470588235294157e-01 6.980392156862744724e-01 -4.362357258796691895e-01 -1.540492475032806396e-01 1.348496787250041962e-02 1.570643663406372070e+00 1.181127071380615234e+00 -1.570547342300415039e+00
3.obj 1.000000000000000000e+00 6.156862745098039547e-01 6.549019607843137303e-01 -6.169086694717407227e-01 -8.296049386262893677e-02 3.523260354995727539e-02 -2.127949237823486328e+00 -4.071780443191528320e-01 -1.812989950180053711e+00
1.obj 2.274509803921568596e-01 3.921568627450980338e-01 5.490196078431373028e-01 -4.463118612766265869e-01 -9.437294304370880127e-02 5.276766419410705566e-02 2.907263278961181641e+00 7.474626302719116211e-01 3.384689688682556152e-01
8.obj 5.490196078431373028e-01 4.196078431372549100e-01 2.745098039215686514e-01 -5.470315217971801758e-01 4.751216620206832886e-02 2.599856257438659668e-02 1.570088505744934082e+00 7.416635751724243164e-01 -1.570413708686828613e+00
6.obj 8.627450980392157298e-01 4.784313725490196290e-01 9.019607843137254777e-02 -5.135630369186401367e-01 1.892430707812309265e-02 7.796976715326309204e-02 1.593370079994201660e+00 1.547358274459838867e+00 3.119614124298095703e+00
2.obj 8.117647058823529438e-01 6.274509803921568540e-01 2.039215686274509776e-01 -5.607194900512695312e-01 -6.795071810483932495e-02 2.597106620669364929e-02 3.141571998596191406e+00 1.439542393200099468e-04 1.538749694824218750e+00
7.obj 7.843137254901960675e-02 1.000000000000000000e+00 5.686274509803921351e-01 -5.117635726928710938e-01 5.696871317923069000e-03 1.174702420830726624e-01 1.570003151893615723e+00 -9.068188071250915527e-01 1.569941163063049316e+00
1.obj 5.098039215686274161e-01 7.058823529411764608e-02 6.666666666666666574e-02 -3.020244240760803223e-01 -1.080846190452575684e-01 2.592300809919834137e-02 1.567052841186523438e+00 -1.022011041641235352e+00 -1.619885792024433613e-03
8.obj 1.647058823529411742e-01 1.607843137254902077e-01 1.000000000000000000e+00 -5.062977075576782227e-01 -8.296309411525726318e-02 3.304141387343406677e-02 -6.344790458679199219e-01 9.293745756149291992e-01 -1.663659214973449707e+00
3.obj 9.607843137254902244e-01 8.705882352941176627e-01 7.019607843137254388e-01 -4.248375296592712402e-01 -3.996239602565765381e-02 5.649264529347419739e-02 2.316318273544311523e+00 9.065959453582763672e-01 -1.111416101455688477e+00
2.obj 1.607843137254902077e-01 5.176470588235294601e-01 5.176470588235294601e-01 -5.454717874526977539e-01 -3.500267490744590759e-02 6.547120213508605957e-02 1.570371985435485840e+00 -8.554017543792724609e-02 1.571441411972045898e+00
2.obj 7.568627450980391913e-01 1.960784313725490169e-01 1.000000000000000000e+00 -4.889367520809173584e-01 1.206932067871093750e-01 1.349988114088773727e-02 -1.570795297622680664e+00 7.476786971092224121e-01 1.570797920227050781e+00
